  -0.0085690342
   0.0048647941
   0.0038632189
   0.0165007276
   0.0141591666
   0.0010934611
  -0.0000251157
  -0.0116497746
  -0.0124187369
   0.0002780346
  -0.0020476695
   0.0170875716
   0.0118580792
   0.0125512966
   0.0126959652
  -0.0028619707
  -0.0033261425
  -0.0139415590
  -0.0137065493
  -0.0029795382
  -0.0109845387
  -0.0031994675
  -0.0124627377
  -0.0142713314
  -0.0237363093
  -0.0331179064
  -0.0312252013
  -0.0342255124
  -0.0486078536
  -0.0391153195
  -0.0262433305
  -0.0516397895
  -0.0534197222
  -0.0314885453
  -0.0367079042
  -0.0512230190
  -0.0410973633
  -0.0364909383
  -0.0340022224
  -0.0263880727
  -0.0139824245
  -0.0036435989
  -0.0090820567
  -0.0029198330
  -0.0090386058
  -0.0139291951
  -0.0126955565
  -0.0016461806
  -0.0003833120
  -0.0022747298
  -0.0030832839
  -0.0136779824
   0.0170549850
   0.0146956579
   0.0212702768
   0.0222449041
   0.0215978941
   0.0222245020
   0.0208061278
   0.0216625763
   0.0209900052
   0.0218798350
   0.0153653324
   0.0128640914
   0.0108112682
   0.0134309193
   0.0083597441
   0.0207817274
   0.0194113867
   0.0188701835
   0.0171320191
   0.0195276127
   0.0187973847
   0.0185351700
   0.0173550433
   0.0121019945
   0.0085934597
   0.0078105926
   0.0041138948
   0.0147409114
   0.0111892238
   0.0029207359
  -0.0177492837
   0.0142361618
   0.0110734302
   0.0027660260
  -0.0187442389
   0.0065988846
   0.0037510799
  -0.0132131672
   0.0072868254
  -0.0004984721
   0.0138085050
   0.0199365658
  -0.0008465296
   0.0096580959
   0.0136806913
   0.0181013147
  -0.0007935520
   0.0097587758
   0.0071747519
  -0.0003636400
   0.0122353313
   0.0124471000
   0.0183479963
   0.0193644978
   0.0198637341
   0.0169764705
   0.0182842316
   0.0189687662
   0.0188555463
   0.0178142682
   0.0118560158
   0.0106464484
  -0.0071609380
   0.0023819486
   0.0016789580
   0.0097734467
   0.0110203382
   0.0078324774
  -0.0006796380
  -0.0014880317
  -0.0098326531
  -0.0098141817
  -0.0008191274
  -0.0028078034
   0.0104301161
   0.0054607308
   0.0067322258
  -0.0032768244
  -0.0040568658
  -0.0113302753
  -0.0125833191
  -0.0047885891
  -0.0112233436
   0.0060278221
   0.0049481693
  -0.0052106500
  -0.0127581528
  -0.0133355763
  -0.0196032423
  -0.0251566090
  -0.0240857597
  -0.0260836575
  -0.0347561578
  -0.0290587672
  -0.0284418791
  -0.0402006862
  -0.0374461295
  -0.0205694961
  -0.0292984181
  -0.0410922735
  -0.0382092345
  -0.0209206273
  -0.0281619124
  -0.0369165586
  -0.0307230553
  -0.0275459218
  -0.0260763617
  -0.0213946476
  -0.0128435854
  -0.0051974167
  -0.0098770240
   0.0054273036
  -0.0047912632
  -0.0151004072
  -0.0102080288
  -0.0130270611
  -0.0100552802
  -0.0024700677
  -0.0013040488
  -0.0088928763
   0.0102416469
   0.0071860402
  -0.0031579619
  -0.0033908187
  -0.0110916752
   0.0122568322
   0.0119482754
   0.0163591337
   0.0171182419
   0.0169926197
   0.0163238206
   0.0185310066
   0.0182577806
   0.0184287909
   0.0181659531
   0.0193798903
   0.0157123760
   0.0163263784
   0.0161471139
   0.0154559234
   0.0106342013
   0.0101860282
   0.0092677451
   0.0078853321
   0.0166524523
   0.0148723182
   0.0144443704
   0.0131778312
   0.0117938175
   0.0176843349
   0.0162585834
   0.0158027921
   0.0149711912
   0.0155333599
   0.0138215138
   0.0138145597
   0.0129535233
   0.0128103357
   0.0076366546
   0.0070650869
   0.0033451741
  -0.0026701313
   0.0118953146
   0.0087881504
   0.0045533428
  -0.0044536492
   0.0138456893
   0.0104811611
   0.0069059769
  -0.0000069447
  -0.0146712006
   0.0105277171
   0.0083933502
   0.0043244561
  -0.0049466041
   0.0027219535
  -0.0033353071
   0.0034073922
  -0.0014932172
   0.0094283304
   0.0129539447
  -0.0176652202
  -0.0014974473
   0.0058830993
   0.0114037245
   0.0159150107
  -0.0085013331
   0.0027898829
   0.0083049137
   0.0091901066
   0.0113244242
  -0.0181256252
  -0.0014737911
   0.0059314885
   0.0032520138
  -0.0014718057
   0.0081730019
   0.0089075104
   0.0134861139
   0.0145210001
   0.0150339493
   0.0118678217
   0.0152529826
   0.0159959109
   0.0164611296
   0.0192208195
   0.0148821878
   0.0133852476
   0.0139936766
   0.0138613053
   0.0126898410
   0.0077381995
   0.0074825665
  -0.0056051476
   0.0014021815
   0.0008987732
   0.0064178647
   0.0074199783
   0.0131874256
   0.0070336398
   0.0072827340
   0.0047641812
  -0.0011329453
  -0.0017202943
  -0.0079254467
  -0.0075837388
  -0.0008982873
  -0.0026532724
   0.0069648810
   0.0024533258
   0.0126073050
   0.0040153008
   0.0049327345
   0.0044381640
  -0.0029220234
  -0.0038596847
  -0.0090689192
  -0.0109322695
  -0.0051475588
  -0.0103582104
   0.0026763411
  -0.0060243893
   0.0017643560
  -0.0057314777
  -0.0117999397
  -0.0117911899
  -0.0161992905
  -0.0197073128
  -0.0190510023
  -0.0204584425
  -0.0259594913
  -0.0223652486
  -0.0220696347
  -0.0301406317
  -0.0282720183
  -0.0169456469
  -0.0183067696
  -0.0300106247
  -0.0326242883
  -0.0260364253
  -0.0231314409
  -0.0312287532
  -0.0292025260
  -0.0174194876
  -0.0221406794
  -0.0276779677
  -0.0237181023
  -0.0214740540
  -0.0205384682
  -0.0174791353
  -0.0111695348
  -0.0053659211
  -0.0093937081
   0.0021489029
  -0.0085488992
   0.0021939310
  -0.0052526768
  -0.0128601476
  -0.0098823885
  -0.0115198981
  -0.0077903808
  -0.0023600431
  -0.0012515338
  -0.0076049046
   0.0068580501
   0.0044851199
   0.0044127059
  -0.0030871156
  -0.0029608155
  -0.0088565507
   0.0102061778
   0.0099508582
   0.0139559733
   0.0143271795
   0.0144050854
   0.0140909718
   0.0162770658
   0.0154238329
   0.0154871566
   0.0154190115
   0.0159701093
   0.0134355533
   0.0136683523
   0.0136960444
   0.0133368878
   0.0087731485
   0.0083783375
   0.0077302932
   0.0063394286
   0.0130464740
   0.0122559616
   0.0114417398
   0.0102559094
   0.0167685971
   0.0140318481
   0.0133357303
   0.0126992951
   0.0123239310
   0.0119307082
   0.0115934154
   0.0110672066
   0.0103895421
   0.0062805717
   0.0056063963
   0.0019817073
  -0.0038985896
   0.0082304047
   0.0052105753
   0.0001864434
  -0.0097330765
   0.0096981672
   0.0068018376
   0.0026368092
  -0.0050858572
   0.0075674091
   0.0049140464
  -0.0001175931
  -0.0104807827
   0.0013291802
  -0.0046253537
   0.0020962705
  -0.0027593428
   0.0075340297
  -0.0131185768
  -0.0014567554
   0.0043134009
   0.0092656218
  -0.0067493069
   0.0017881013
   0.0063201969
   0.0072549959
  -0.0134099154
  -0.0014776222
   0.0042883118
   0.0018771636
  -0.0028402376
   0.0066089117
   0.0074810033
   0.0111084135
   0.0120566666
   0.0127856104
   0.0099010070
   0.0126010795
   0.0132600358
   0.0138898358
   0.0160424561
   0.0124000714
   0.0110228922
   0.0116196368
   0.0118666193
   0.0105278539
   0.0062066669
   0.0061855906
  -0.0043539062
   0.0009442389
   0.0005762040
   0.0045466614
   0.0069939866
   0.0072942040
   0.0053299545
   0.0098724121
   0.0098382521
   0.0048207316
   0.0049860748
   0.0031099374
  -0.0011868418
  -0.0016246993
  -0.0063866628
  -0.0059354583
  -0.0007825685
  -0.0023556443
  -0.0105074185
   0.0049772355
   0.0049549261
   0.0037220506
   0.0009004957
   0.0067471931
   0.0025847516
   0.0031471166
   0.0025426390
  -0.0025097357
  -0.0035166107
  -0.0073707033
  -0.0093710386
  -0.0050097926
  -0.0092597943
   0.0008974593
  -0.0010439977
  -0.0064703357
   0.0067110430
   0.0058856641
   0.0000616015
  -0.0015276015
  -0.0073640152
  -0.0068264013
  -0.0057000049
  -0.0105724403
  -0.0102747665
  -0.0134938731
  -0.0158586314
  -0.0154300409
  -0.0164653386
  -0.0201313212
  -0.0177506757
  -0.0202252808
  -0.0236025213
  -0.0208872849
  -0.0186693153
  -0.0250056353
  -0.0251445354
  -0.0190922613
  -0.0190601368
  -0.0253990071
  -0.0255009885
  -0.0193465776
  -0.0212797309
  -0.0246286694
  -0.0217318726
  -0.0178312255
  -0.0215039595
  -0.0188548692
  -0.0172159947
  -0.0165841129
  -0.0144674878
  -0.0095820157
  -0.0051063500
  -0.0085566571
   0.0004102701
  -0.0083694763
  -0.0021202504
   0.0062317485
   0.0003171507
  -0.0087959698
  -0.0019809844
  -0.0052147821
  -0.0107576999
  -0.0091118210
  -0.0100397127
  -0.0061115911
  -0.0020974009
  -0.0010392509
  -0.0064146684
   0.0029727008
   0.0045985766
   0.0049069326
  -0.0001773396
   0.0062605631
   0.0025505333
   0.0033959003
   0.0029144810
  -0.0028465170
  -0.0024997468
  -0.0071837866
   0.0079929818
   0.0077684408
   0.0110897678
   0.0115916655
   0.0116664020
   0.0113035707
   0.0141483902
   0.0132255226
   0.0132008873
   0.0131964827
   0.0134070917
   0.0140646556
   0.0130099250
   0.0129536012
   0.0129342323
   0.0131374508
   0.0104331610
   0.0108451316
   0.0108673238
   0.0104251932
   0.0057929690
   0.0103719611
   0.0096941113
   0.0088668563
   0.0075654958
   0.0125646004
   0.0114907217
   0.0108547860
   0.0102289813
   0.0103304082
   0.0121478218
   0.0112281490
   0.0106864301
   0.0101828851
   0.0106265141
   0.0091385790
   0.0089406391
   0.0084224458
   0.0075962477
   0.0057437074
   0.0030436985
  -0.0014367428
  -0.0097256747
   0.0095256512
   0.0065161586
   0.0035928738
  -0.0009300722
  -0.0090045080
   0.0090506545
   0.0063264998
   0.0034729014
  -0.0010718185
  -0.0092997012
   0.0050009279
   0.0026463091
  -0.0018573919
  -0.0106141825
  -0.0004401383
   0.0051185858
  -0.0029026931
   0.0021948053
   0.0074856699
  -0.0054059140
   0.0010198573
   0.0047666182
   0.0073306158
  -0.0054544324
   0.0010048895
   0.0047269038
   0.0047873390
  -0.0128665395
  -0.0029941775
   0.0021062315
  -0.0040144736
   0.0047401525
   0.0085242687
   0.0094800932
   0.0101757198
   0.0070873816
   0.0104109515
   0.0110704631
   0.0117736139
   0.0134472707
   0.0100358550
   0.0103897334
   0.0109306013
   0.0115030204
   0.0128906953
   0.0102521095
   0.0083930837
   0.0089730792
   0.0091571794
   0.0076147148
